dab0f920-b8c5-4ed9-81b0-92510979be3f,2022-10-28 21:05:36.069787,false,false
dab0f920-b8c5-4ed9-81b0-92510979be3f,2022-10-28 21:05:36.069929,false,false
dab0f920-b8c5-4ed9-81b0-92510979be3f,2022-10-28 21:05:36.069982,false,false
dab0f920-b8c5-4ed9-81b0-92510979be3f,2022-10-28 21:05:36.069992,false,false
dab0f920-b8c5-4ed9-81b0-92510979be3f,2022-10-28 21:05:36.070002,false,false
dab0f920-b8c5-4ed9-81b0-92510979be3f,2022-10-28 21:05:36.070011,false,false
dab0f920-b8c5-4ed9-81b0-92510979be3f,2022-10-28 21:05:36.070020,false,false
dab0f920-b8c5-4ed9-81b0-92510979be3f,2022-10-28 21:05:36.070094,false,false
dab0f920-b8c5-4ed9-81b0-92510979be3f,2022-10-28 21:05:36.070109,false,false
dab0f920-b8c5-4ed9-81b0-92510979be3f,2022-10-28 21:05:36.070119,false,false
dab0f920-b8c5-4ed9-81b0-92510979be3f,2022-10-28 21:05:36.070128,false,false
dab0f920-b8c5-4ed9-81b0-92510979be3f,2022-10-28 21:05:36.070136,false,false
dab0f920-b8c5-4ed9-81b0-92510979be3f,2022-10-28 21:05:36.070145,false,false
dab0f920-b8c5-4ed9-81b0-92510979be3f,2022-10-28 21:05:36.070184,false,false
dab0f920-b8c5-4ed9-81b0-92510979be3f,2022-10-28 21:05:36.070194,false,false
dab0f920-b8c5-4ed9-81b0-92510979be3f,2022-10-28 21:05:36.070200,false,false
dab0f920-b8c5-4ed9-81b0-92510979be3f,2022-10-28 21:05:36.070205,false,false
dab0f920-b8c5-4ed9-81b0-92510979be3f,2022-10-28 21:05:36.070211,false,false
dab0f920-b8c5-4ed9-81b0-92510979be3f,2022-10-28 21:05:36.070217,false,false
dab0f920-b8c5-4ed9-81b0-92510979be3f,2022-10-28 21:05:36.070223,false,false
dab0f920-b8c5-4ed9-81b0-92510979be3f,2022-10-28 21:05:36.070275,false,false
dab0f920-b8c5-4ed9-81b0-92510979be3f,2022-10-28 21:05:36.070287,false,false
dab0f920-b8c5-4ed9-81b0-92510979be3f,2022-10-28 21:05:36.070293,false,false
dab0f920-b8c5-4ed9-81b0-92510979be3f,2022-10-28 21:05:36.070298,false,false
dab0f920-b8c5-4ed9-81b0-92510979be3f,2022-10-28 21:05:36.070304,false,false
dab0f920-b8c5-4ed9-81b0-92510979be3f,2022-10-28 21:05:36.070309,false,false
dab0f920-b8c5-4ed9-81b0-92510979be3f,2022-10-28 21:05:36.070315,false,false
dab0f920-b8c5-4ed9-81b0-92510979be3f,2022-10-28 21:05:36.070320,false,false
dab0f920-b8c5-4ed9-81b0-92510979be3f,2022-10-28 21:05:36.070326,false,false
dab0f920-b8c5-4ed9-81b0-92510979be3f,2022-10-28 21:05:36.070332,false,false
dab0f920-b8c5-4ed9-81b0-92510979be3f,2022-10-28 21:05:36.070340,false,false
dab0f920-b8c5-4ed9-81b0-92510979be3f,2022-10-28 21:05:36.070348,false,false
dab0f920-b8c5-4ed9-81b0-92510979be3f,2022-10-28 21:05:36.070356,false,false
dab0f920-b8c5-4ed9-81b0-92510979be3f,2022-10-28 21:05:36.070384,false,false
dab0f920-b8c5-4ed9-81b0-92510979be3f,2022-10-28 21:05:36.070453,false,false
dab0f920-b8c5-4ed9-81b0-92510979be3f,2022-10-28 21:05:36.070466,false,false
dab0f920-b8c5-4ed9-81b0-92510979be3f,2022-10-28 21:05:36.070476,false,false
dab0f920-b8c5-4ed9-81b0-92510979be3f,2022-10-28 21:05:36.070509,false,false
dab0f920-b8c5-4ed9-81b0-92510979be3f,2022-10-28 21:05:36.070518,false,false
dab0f920-b8c5-4ed9-81b0-92510979be3f,2022-10-28 21:05:36.070531,false,false
dab0f920-b8c5-4ed9-81b0-92510979be3f,2022-10-28 21:05:36.070567,false,false
dab0f920-b8c5-4ed9-81b0-92510979be3f,2022-10-28 21:05:36.070607,false,false
dab0f920-b8c5-4ed9-81b0-92510979be3f,2022-10-28 21:05:36.070618,false,false
dab0f920-b8c5-4ed9-81b0-92510979be3f,2022-10-28 21:05:36.070628,false,false
dab0f920-b8c5-4ed9-81b0-92510979be3f,2022-10-28 21:05:36.070636,false,false
dab0f920-b8c5-4ed9-81b0-92510979be3f,2022-10-28 21:05:36.070644,false,false
dab0f920-b8c5-4ed9-81b0-92510979be3f,2022-10-28 21:05:36.070676,false,false
dab0f920-b8c5-4ed9-81b0-92510979be3f,2022-10-28 21:05:36.070688,false,false
dab0f920-b8c5-4ed9-81b0-92510979be3f,2022-10-28 21:05:36.070694,false,false
dab0f920-b8c5-4ed9-81b0-92510979be3f,2022-10-28 21:05:36.070699,false,false
dab0f920-b8c5-4ed9-81b0-92510979be3f,2022-10-28 21:05:36.070705,false,false
dab0f920-b8c5-4ed9-81b0-92510979be3f,2022-10-28 21:05:36.070710,false,false
dab0f920-b8c5-4ed9-81b0-92510979be3f,2022-10-28 21:05:36.070717,false,false
dab0f920-b8c5-4ed9-81b0-92510979be3f,2022-10-28 21:05:36.070726,false,false
dab0f920-b8c5-4ed9-81b0-92510979be3f,2022-10-28 21:05:36.070734,false,false
dab0f920-b8c5-4ed9-81b0-92510979be3f,2022-10-28 21:05:36.070790,false,false
dab0f920-b8c5-4ed9-81b0-92510979be3f,2022-10-28 21:05:36.070806,false,false
dab0f920-b8c5-4ed9-81b0-92510979be3f,2022-10-28 21:05:36.070813,false,false
dab0f920-b8c5-4ed9-81b0-92510979be3f,2022-10-28 21:05:36.070818,false,false
dab0f920-b8c5-4ed9-81b0-92510979be3f,2022-10-28 21:05:36.070824,false,false
dab0f920-b8c5-4ed9-81b0-92510979be3f,2022-10-28 21:05:36.070829,false,false
dab0f920-b8c5-4ed9-81b0-92510979be3f,2022-10-28 21:05:36.070835,false,false
dab0f920-b8c5-4ed9-81b0-92510979be3f,2022-10-28 21:05:36.070840,false,false
dab0f920-b8c5-4ed9-81b0-92510979be3f,2022-10-28 21:05:36.070850,false,false
dab0f920-b8c5-4ed9-81b0-92510979be3f,2022-10-28 21:05:36.070868,false,false
dab0f920-b8c5-4ed9-81b0-92510979be3f,2022-10-28 21:05:36.070884,false,false
dab0f920-b8c5-4ed9-81b0-92510979be3f,2022-10-28 21:05:36.070890,false,false
dab0f920-b8c5-4ed9-81b0-92510979be3f,2022-10-28 21:05:36.070896,false,false
dab0f920-b8c5-4ed9-81b0-92510979be3f,2022-10-28 21:05:36.070901,false,false
dab0f920-b8c5-4ed9-81b0-92510979be3f,2022-10-28 21:05:36.070907,false,false
dab0f920-b8c5-4ed9-81b0-92510979be3f,2022-10-28 21:05:36.070912,false,false
dab0f920-b8c5-4ed9-81b0-92510979be3f,2022-10-28 21:05:36.070926,false,false
dab0f920-b8c5-4ed9-81b0-92510979be3f,2022-10-28 21:05:36.070931,false,false
dab0f920-b8c5-4ed9-81b0-92510979be3f,2022-10-28 21:05:36.070939,false,false
dab0f920-b8c5-4ed9-81b0-92510979be3f,2022-10-28 21:05:36.070947,false,false
dab0f920-b8c5-4ed9-81b0-92510979be3f,2022-10-28 21:05:36.070954,false,false
dab0f920-b8c5-4ed9-81b0-92510979be3f,2022-10-28 21:05:36.070963,false,false
dab0f920-b8c5-4ed9-81b0-92510979be3f,2022-10-28 21:05:36.070973,false,false
dab0f920-b8c5-4ed9-81b0-92510979be3f,2022-10-28 21:05:36.070982,false,false
dab0f920-b8c5-4ed9-81b0-92510979be3f,2022-10-28 21:05:36.070992,false,false
dab0f920-b8c5-4ed9-81b0-92510979be3f,2022-10-28 21:05:36.071000,false,false
dab0f920-b8c5-4ed9-81b0-92510979be3f,2022-10-28 21:05:36.071049,false,false
dab0f920-b8c5-4ed9-81b0-92510979be3f,2022-10-28 21:05:36.071062,false,false
dab0f920-b8c5-4ed9-81b0-92510979be3f,2022-10-28 21:05:36.071071,false,false
dab0f920-b8c5-4ed9-81b0-92510979be3f,2022-10-28 21:05:36.071080,false,false
dab0f920-b8c5-4ed9-81b0-92510979be3f,2022-10-28 21:05:36.071089,false,false
dab0f920-b8c5-4ed9-81b0-92510979be3f,2022-10-28 21:05:36.071098,false,false
dab0f920-b8c5-4ed9-81b0-92510979be3f,2022-10-28 21:05:36.071107,false,false
dab0f920-b8c5-4ed9-81b0-92510979be3f,2022-10-28 21:05:36.071116,false,false
dab0f920-b8c5-4ed9-81b0-92510979be3f,2022-10-28 21:05:36.071125,false,false
dab0f920-b8c5-4ed9-81b0-92510979be3f,2022-10-28 21:05:36.071134,false,false
dab0f920-b8c5-4ed9-81b0-92510979be3f,2022-10-28 21:05:36.071144,false,false
dab0f920-b8c5-4ed9-81b0-92510979be3f,2022-10-28 21:05:36.071153,false,false
dab0f920-b8c5-4ed9-81b0-92510979be3f,2022-10-28 21:05:36.071164,false,false
dab0f920-b8c5-4ed9-81b0-92510979be3f,2022-10-28 21:05:36.071173,false,false
dab0f920-b8c5-4ed9-81b0-92510979be3f,2022-10-28 21:05:36.071183,false,false
dab0f920-b8c5-4ed9-81b0-92510979be3f,2022-10-28 21:05:36.071192,false,false
dab0f920-b8c5-4ed9-81b0-92510979be3f,2022-10-28 21:05:36.071201,false,false
dab0f920-b8c5-4ed9-81b0-92510979be3f,2022-10-28 21:05:36.071210,false,false
dab0f920-b8c5-4ed9-81b0-92510979be3f,2022-10-28 21:05:36.071220,false,false
dab0f920-b8c5-4ed9-81b0-92510979be3f,2022-10-28 21:05:36.071229,false,false
dab0f920-b8c5-4ed9-81b0-92510979be3f,2022-10-28 21:05:36.071237,false,false
dab0f920-b8c5-4ed9-81b0-92510979be3f,2022-10-28 21:05:36.071246,false,false
dab0f920-b8c5-4ed9-81b0-92510979be3f,2022-10-28 21:05:36.071274,false,false
dab0f920-b8c5-4ed9-81b0-92510979be3f,2022-10-28 21:05:36.071285,false,false
dab0f920-b8c5-4ed9-81b0-92510979be3f,2022-10-28 21:05:36.071331,false,false
dab0f920-b8c5-4ed9-81b0-92510979be3f,2022-10-28 21:05:36.071369,false,false
dab0f920-b8c5-4ed9-81b0-92510979be3f,2022-10-28 21:05:36.071474,false,false
dab0f920-b8c5-4ed9-81b0-92510979be3f,2022-10-28 21:05:36.071482,false,false
dab0f920-b8c5-4ed9-81b0-92510979be3f,2022-10-28 21:05:36.071488,false,false
dab0f920-b8c5-4ed9-81b0-92510979be3f,2022-10-28 21:05:36.071494,false,false
dab0f920-b8c5-4ed9-81b0-92510979be3f,2022-10-28 21:05:36.071499,false,false
dab0f920-b8c5-4ed9-81b0-92510979be3f,2022-10-28 21:05:36.071505,false,false
dab0f920-b8c5-4ed9-81b0-92510979be3f,2022-10-28 21:05:36.071510,false,false
dab0f920-b8c5-4ed9-81b0-92510979be3f,2022-10-28 21:05:36.071516,false,false
dab0f920-b8c5-4ed9-81b0-92510979be3f,2022-10-28 21:05:36.071521,false,false
dab0f920-b8c5-4ed9-81b0-92510979be3f,2022-10-28 21:05:36.071527,false,false
dab0f920-b8c5-4ed9-81b0-92510979be3f,2022-10-28 21:05:36.071532,false,false
dab0f920-b8c5-4ed9-81b0-92510979be3f,2022-10-28 21:05:36.071537,false,false
dab0f920-b8c5-4ed9-81b0-92510979be3f,2022-10-28 21:05:36.071543,false,false
dab0f920-b8c5-4ed9-81b0-92510979be3f,2022-10-28 21:05:36.071548,false,false
dab0f920-b8c5-4ed9-81b0-92510979be3f,2022-10-28 21:05:36.071553,false,false
dab0f920-b8c5-4ed9-81b0-92510979be3f,2022-10-28 21:05:36.071559,false,false
dab0f920-b8c5-4ed9-81b0-92510979be3f,2022-10-28 21:05:36.071593,false,false
dab0f920-b8c5-4ed9-81b0-92510979be3f,2022-10-28 21:05:36.071607,false,false
dab0f920-b8c5-4ed9-81b0-92510979be3f,2022-10-28 21:05:36.071613,false,false
dab0f920-b8c5-4ed9-81b0-92510979be3f,2022-10-28 21:05:36.071619,false,false
dab0f920-b8c5-4ed9-81b0-92510979be3f,2022-10-28 21:05:36.071624,false,false
dab0f920-b8c5-4ed9-81b0-92510979be3f,2022-10-28 21:05:36.071630,false,false
dab0f920-b8c5-4ed9-81b0-92510979be3f,2022-10-28 21:05:36.071635,false,false
dab0f920-b8c5-4ed9-81b0-92510979be3f,2022-10-28 21:05:36.071641,false,false
dab0f920-b8c5-4ed9-81b0-92510979be3f,2022-10-28 21:05:36.071650,false,false
dab0f920-b8c5-4ed9-81b0-92510979be3f,2022-10-28 21:05:36.071658,false,false
dab0f920-b8c5-4ed9-81b0-92510979be3f,2022-10-28 21:05:36.071665,false,false
dab0f920-b8c5-4ed9-81b0-92510979be3f,2022-10-28 21:05:36.071674,false,false
dab0f920-b8c5-4ed9-81b0-92510979be3f,2022-10-28 21:05:36.071755,false,false
dab0f920-b8c5-4ed9-81b0-92510979be3f,2022-10-28 21:05:36.071773,false,false
dab0f920-b8c5-4ed9-81b0-92510979be3f,2022-10-28 21:05:36.071783,false,false
dab0f920-b8c5-4ed9-81b0-92510979be3f,2022-10-28 21:05:36.071792,false,false
dab0f920-b8c5-4ed9-81b0-92510979be3f,2022-10-28 21:05:36.071803,false,false
dab0f920-b8c5-4ed9-81b0-92510979be3f,2022-10-28 21:05:36.071812,false,false
dab0f920-b8c5-4ed9-81b0-92510979be3f,2022-10-28 21:05:36.071822,false,false
dab0f920-b8c5-4ed9-81b0-92510979be3f,2022-10-28 21:05:36.071832,false,false
dab0f920-b8c5-4ed9-81b0-92510979be3f,2022-10-28 21:05:36.071841,false,false
dab0f920-b8c5-4ed9-81b0-92510979be3f,2022-10-28 21:05:36.071847,false,false
dab0f920-b8c5-4ed9-81b0-92510979be3f,2022-10-28 21:05:36.071852,false,false
dab0f920-b8c5-4ed9-81b0-92510979be3f,2022-10-28 21:05:36.071858,false,false
dab0f920-b8c5-4ed9-81b0-92510979be3f,2022-10-28 21:05:36.071864,false,false
dab0f920-b8c5-4ed9-81b0-92510979be3f,2022-10-28 21:05:36.071869,false,false
dab0f920-b8c5-4ed9-81b0-92510979be3f,2022-10-28 21:05:36.071874,false,false
dab0f920-b8c5-4ed9-81b0-92510979be3f,2022-10-28 21:05:36.071880,false,false
dab0f920-b8c5-4ed9-81b0-92510979be3f,2022-10-28 21:05:36.071885,false,false
dab0f920-b8c5-4ed9-81b0-92510979be3f,2022-10-28 21:05:36.071891,false,false
dab0f920-b8c5-4ed9-81b0-92510979be3f,2022-10-28 21:05:36.071896,false,false
dab0f920-b8c5-4ed9-81b0-92510979be3f,2022-10-28 21:05:36.071971,false,false
dab0f920-b8c5-4ed9-81b0-92510979be3f,2022-10-28 21:05:36.071985,false,false
dab0f920-b8c5-4ed9-81b0-92510979be3f,2022-10-28 21:05:36.071994,false,false
dab0f920-b8c5-4ed9-81b0-92510979be3f,2022-10-28 21:05:36.072002,false,false
dab0f920-b8c5-4ed9-81b0-92510979be3f,2022-10-28 21:05:36.072009,false,false
dab0f920-b8c5-4ed9-81b0-92510979be3f,2022-10-28 21:05:36.072018,false,false
dab0f920-b8c5-4ed9-81b0-92510979be3f,2022-10-28 21:05:36.072026,false,false
dab0f920-b8c5-4ed9-81b0-92510979be3f,2022-10-28 21:05:36.072034,false,false
dab0f920-b8c5-4ed9-81b0-92510979be3f,2022-10-28 21:05:36.072043,false,false
dab0f920-b8c5-4ed9-81b0-92510979be3f,2022-10-28 21:05:36.072051,false,false
dab0f920-b8c5-4ed9-81b0-92510979be3f,2022-10-28 21:05:36.072059,false,false
dab0f920-b8c5-4ed9-81b0-92510979be3f,2022-10-28 21:05:36.072067,false,false
dab0f920-b8c5-4ed9-81b0-92510979be3f,2022-10-28 21:05:36.072076,false,false
dab0f920-b8c5-4ed9-81b0-92510979be3f,2022-10-28 21:05:36.072085,false,false
dab0f920-b8c5-4ed9-81b0-92510979be3f,2022-10-28 21:05:36.072094,false,false
dab0f920-b8c5-4ed9-81b0-92510979be3f,2022-10-28 21:05:36.072101,false,false
dab0f920-b8c5-4ed9-81b0-92510979be3f,2022-10-28 21:05:36.072109,false,false
dab0f920-b8c5-4ed9-81b0-92510979be3f,2022-10-28 21:05:36.072130,false,false
dab0f920-b8c5-4ed9-81b0-92510979be3f,2022-10-28 21:05:36.072163,false,false
dab0f920-b8c5-4ed9-81b0-92510979be3f,2022-10-28 21:05:36.072177,false,false
dab0f920-b8c5-4ed9-81b0-92510979be3f,2022-10-28 21:05:36.072183,false,false
dab0f920-b8c5-4ed9-81b0-92510979be3f,2022-10-28 21:05:36.072188,false,false
dab0f920-b8c5-4ed9-81b0-92510979be3f,2022-10-28 21:05:36.072194,false,false
dab0f920-b8c5-4ed9-81b0-92510979be3f,2022-10-28 21:05:36.072199,false,false
dab0f920-b8c5-4ed9-81b0-92510979be3f,2022-10-28 21:05:36.072205,false,false
dab0f920-b8c5-4ed9-81b0-92510979be3f,2022-10-28 21:05:36.072210,false,false
dab0f920-b8c5-4ed9-81b0-92510979be3f,2022-10-28 21:05:36.072236,false,false
dab0f920-b8c5-4ed9-81b0-92510979be3f,2022-10-28 21:05:36.072254,false,false
dab0f920-b8c5-4ed9-81b0-92510979be3f,2022-10-28 21:05:36.072263,false,false
dab0f920-b8c5-4ed9-81b0-92510979be3f,2022-10-28 21:05:36.072276,false,false
dab0f920-b8c5-4ed9-81b0-92510979be3f,2022-10-28 21:05:36.072285,false,false
dab0f920-b8c5-4ed9-81b0-92510979be3f,2022-10-28 21:05:36.072294,false,false
dab0f920-b8c5-4ed9-81b0-92510979be3f,2022-10-28 21:05:36.072303,false,false
dab0f920-b8c5-4ed9-81b0-92510979be3f,2022-10-28 21:05:36.072311,false,false
dab0f920-b8c5-4ed9-81b0-92510979be3f,2022-10-28 21:05:36.072320,false,false
dab0f920-b8c5-4ed9-81b0-92510979be3f,2022-10-28 21:05:36.072328,false,false
dab0f920-b8c5-4ed9-81b0-92510979be3f,2022-10-28 21:05:36.072337,false,false
dab0f920-b8c5-4ed9-81b0-92510979be3f,2022-10-28 21:05:36.072345,false,false
dab0f920-b8c5-4ed9-81b0-92510979be3f,2022-10-28 21:05:36.072353,false,false
dab0f920-b8c5-4ed9-81b0-92510979be3f,2022-10-28 21:05:36.072362,false,false
dab0f920-b8c5-4ed9-81b0-92510979be3f,2022-10-28 21:05:36.072371,false,false
dab0f920-b8c5-4ed9-81b0-92510979be3f,2022-10-28 21:05:36.072379,false,false
dab0f920-b8c5-4ed9-81b0-92510979be3f,2022-10-28 21:05:36.072387,false,false
dab0f920-b8c5-4ed9-81b0-92510979be3f,2022-10-28 21:05:36.072397,false,false
dab0f920-b8c5-4ed9-81b0-92510979be3f,2022-10-28 21:05:36.072407,false,false
dab0f920-b8c5-4ed9-81b0-92510979be3f,2022-10-28 21:05:36.072419,false,false
dab0f920-b8c5-4ed9-81b0-92510979be3f,2022-10-28 21:05:36.072430,false,false
dab0f920-b8c5-4ed9-81b0-92510979be3f,2022-10-28 21:05:36.072440,false,false
dab0f920-b8c5-4ed9-81b0-92510979be3f,2022-10-28 21:05:36.072452,false,false
dab0f920-b8c5-4ed9-81b0-92510979be3f,2022-10-28 21:05:36.072464,false,false
dab0f920-b8c5-4ed9-81b0-92510979be3f,2022-10-28 21:05:36.072474,false,false
dab0f920-b8c5-4ed9-81b0-92510979be3f,2022-10-28 21:05:36.072481,false,false
dab0f920-b8c5-4ed9-81b0-92510979be3f,2022-10-28 21:05:36.072488,false,false
dab0f920-b8c5-4ed9-81b0-92510979be3f,2022-10-28 21:05:36.072495,false,false
dab0f920-b8c5-4ed9-81b0-92510979be3f,2022-10-28 21:05:36.072503,false,false
dab0f920-b8c5-4ed9-81b0-92510979be3f,2022-10-28 21:05:36.072511,false,false
dab0f920-b8c5-4ed9-81b0-92510979be3f,2022-10-28 21:05:36.072519,false,false
dab0f920-b8c5-4ed9-81b0-92510979be3f,2022-10-28 21:05:36.072527,false,false
dab0f920-b8c5-4ed9-81b0-92510979be3f,2022-10-28 21:05:36.072536,false,false
dab0f920-b8c5-4ed9-81b0-92510979be3f,2022-10-28 21:05:36.072768,false,false
dab0f920-b8c5-4ed9-81b0-92510979be3f,2022-10-28 21:05:36.072812,false,false
dab0f920-b8c5-4ed9-81b0-92510979be3f,2022-10-28 21:05:36.072820,false,false
dab0f920-b8c5-4ed9-81b0-92510979be3f,2022-10-28 21:05:36.072830,false,false
dab0f920-b8c5-4ed9-81b0-92510979be3f,2022-10-28 21:05:36.072839,false,false
dab0f920-b8c5-4ed9-81b0-92510979be3f,2022-10-28 21:05:36.072849,false,false
dab0f920-b8c5-4ed9-81b0-92510979be3f,2022-10-28 21:05:36.072857,false,false
dab0f920-b8c5-4ed9-81b0-92510979be3f,2022-10-28 21:05:36.072865,false,false
dab0f920-b8c5-4ed9-81b0-92510979be3f,2022-10-28 21:05:36.072875,false,false
dab0f920-b8c5-4ed9-81b0-92510979be3f,2022-10-28 21:05:36.072884,false,false
dab0f920-b8c5-4ed9-81b0-92510979be3f,2022-10-28 21:05:36.072892,false,false
dab0f920-b8c5-4ed9-81b0-92510979be3f,2022-10-28 21:05:36.072901,false,false
dab0f920-b8c5-4ed9-81b0-92510979be3f,2022-10-28 21:05:36.072911,false,false
dab0f920-b8c5-4ed9-81b0-92510979be3f,2022-10-28 21:05:36.072920,false,false
dab0f920-b8c5-4ed9-81b0-92510979be3f,2022-10-28 21:05:36.072931,false,false
dab0f920-b8c5-4ed9-81b0-92510979be3f,2022-10-28 21:05:36.072941,false,false
dab0f920-b8c5-4ed9-81b0-92510979be3f,2022-10-28 21:05:36.072952,false,false
dab0f920-b8c5-4ed9-81b0-92510979be3f,2022-10-28 21:05:36.072963,false,false
dab0f920-b8c5-4ed9-81b0-92510979be3f,2022-10-28 21:05:36.072973,false,false
dab0f920-b8c5-4ed9-81b0-92510979be3f,2022-10-28 21:05:36.072984,false,false
dab0f920-b8c5-4ed9-81b0-92510979be3f,2022-10-28 21:05:36.072993,false,false
dab0f920-b8c5-4ed9-81b0-92510979be3f,2022-10-28 21:05:36.073002,false,false
dab0f920-b8c5-4ed9-81b0-92510979be3f,2022-10-28 21:05:36.073014,false,false
dab0f920-b8c5-4ed9-81b0-92510979be3f,2022-10-28 21:05:36.073027,false,false
dab0f920-b8c5-4ed9-81b0-92510979be3f,2022-10-28 21:05:36.073041,false,false
dab0f920-b8c5-4ed9-81b0-92510979be3f,2022-10-28 21:05:36.073052,false,false
dab0f920-b8c5-4ed9-81b0-92510979be3f,2022-10-28 21:05:36.073063,false,false
dab0f920-b8c5-4ed9-81b0-92510979be3f,2022-10-28 21:05:36.073075,false,false
dab0f920-b8c5-4ed9-81b0-92510979be3f,2022-10-28 21:05:36.073087,false,false
dab0f920-b8c5-4ed9-81b0-92510979be3f,2022-10-28 21:05:36.073100,false,false
dab0f920-b8c5-4ed9-81b0-92510979be3f,2022-10-28 21:05:36.073112,false,false
dab0f920-b8c5-4ed9-81b0-92510979be3f,2022-10-28 21:05:36.073126,false,false
dab0f920-b8c5-4ed9-81b0-92510979be3f,2022-10-28 21:05:36.073140,false,false
dab0f920-b8c5-4ed9-81b0-92510979be3f,2022-10-28 21:05:36.073155,false,false
dab0f920-b8c5-4ed9-81b0-92510979be3f,2022-10-28 21:05:36.073372,false,false
dab0f920-b8c5-4ed9-81b0-92510979be3f,2022-10-28 21:05:36.073414,false,false
dab0f920-b8c5-4ed9-81b0-92510979be3f,2022-10-28 21:05:36.073463,false,false
dab0f920-b8c5-4ed9-81b0-92510979be3f,2022-10-28 21:05:36.073477,false,false
dab0f920-b8c5-4ed9-81b0-92510979be3f,2022-10-28 21:05:36.073485,false,false
dab0f920-b8c5-4ed9-81b0-92510979be3f,2022-10-28 21:05:36.073494,false,false
dab0f920-b8c5-4ed9-81b0-92510979be3f,2022-10-28 21:05:36.073506,false,false
dab0f920-b8c5-4ed9-81b0-92510979be3f,2022-10-28 21:05:36.073514,false,false
dab0f920-b8c5-4ed9-81b0-92510979be3f,2022-10-28 21:05:36.073522,false,false
dab0f920-b8c5-4ed9-81b0-92510979be3f,2022-10-28 21:05:36.073529,false,false
dab0f920-b8c5-4ed9-81b0-92510979be3f,2022-10-28 21:05:36.073538,false,false
dab0f920-b8c5-4ed9-81b0-92510979be3f,2022-10-28 21:05:36.073547,false,false
dab0f920-b8c5-4ed9-81b0-92510979be3f,2022-10-28 21:05:36.073554,false,false
dab0f920-b8c5-4ed9-81b0-92510979be3f,2022-10-28 21:05:36.073562,false,false
dab0f920-b8c5-4ed9-81b0-92510979be3f,2022-10-28 21:05:36.073569,false,false
dab0f920-b8c5-4ed9-81b0-92510979be3f,2022-10-28 21:05:36.073577,false,false
dab0f920-b8c5-4ed9-81b0-92510979be3f,2022-10-28 21:05:36.073584,false,false
dab0f920-b8c5-4ed9-81b0-92510979be3f,2022-10-28 21:05:36.073591,false,false
dab0f920-b8c5-4ed9-81b0-92510979be3f,2022-10-28 21:05:36.073600,false,false
dab0f920-b8c5-4ed9-81b0-92510979be3f,2022-10-28 21:05:36.073608,false,false
dab0f920-b8c5-4ed9-81b0-92510979be3f,2022-10-28 21:05:36.073618,false,false
dab0f920-b8c5-4ed9-81b0-92510979be3f,2022-10-28 21:05:36.073629,false,false
dab0f920-b8c5-4ed9-81b0-92510979be3f,2022-10-28 21:05:36.073637,false,false
dab0f920-b8c5-4ed9-81b0-92510979be3f,2022-10-28 21:05:36.073648,false,false
dab0f920-b8c5-4ed9-81b0-92510979be3f,2022-10-28 21:05:36.073660,false,false
dab0f920-b8c5-4ed9-81b0-92510979be3f,2022-10-28 21:05:36.073669,false,false
dab0f920-b8c5-4ed9-81b0-92510979be3f,2022-10-28 21:05:36.073680,false,false
dab0f920-b8c5-4ed9-81b0-92510979be3f,2022-10-28 21:05:36.073691,false,false
dab0f920-b8c5-4ed9-81b0-92510979be3f,2022-10-28 21:05:36.073701,false,false
dab0f920-b8c5-4ed9-81b0-92510979be3f,2022-10-28 21:05:36.073711,false,false
dab0f920-b8c5-4ed9-81b0-92510979be3f,2022-10-28 21:05:36.073734,false,false
dab0f920-b8c5-4ed9-81b0-92510979be3f,2022-10-28 21:05:36.073749,false,false
dab0f920-b8c5-4ed9-81b0-92510979be3f,2022-10-28 21:05:36.073761,false,false
dab0f920-b8c5-4ed9-81b0-92510979be3f,2022-10-28 21:05:36.073773,false,false
dab0f920-b8c5-4ed9-81b0-92510979be3f,2022-10-28 21:05:36.073789,false,false
dab0f920-b8c5-4ed9-81b0-92510979be3f,2022-10-28 21:05:36.073804,false,false
dab0f920-b8c5-4ed9-81b0-92510979be3f,2022-10-28 21:05:36.073814,false,false
dab0f920-b8c5-4ed9-81b0-92510979be3f,2022-10-28 21:05:36.073823,false,false
dab0f920-b8c5-4ed9-81b0-92510979be3f,2022-10-28 21:05:36.073832,false,false
dab0f920-b8c5-4ed9-81b0-92510979be3f,2022-10-28 21:05:36.073839,false,false
dab0f920-b8c5-4ed9-81b0-92510979be3f,2022-10-28 21:05:36.073846,false,false
dab0f920-b8c5-4ed9-81b0-92510979be3f,2022-10-28 21:05:36.073855,false,false
dab0f920-b8c5-4ed9-81b0-92510979be3f,2022-10-28 21:05:36.073871,false,false
dab0f920-b8c5-4ed9-81b0-92510979be3f,2022-10-28 21:05:36.073879,false,false
dab0f920-b8c5-4ed9-81b0-92510979be3f,2022-10-28 21:05:36.073890,false,false
dab0f920-b8c5-4ed9-81b0-92510979be3f,2022-10-28 21:05:36.073901,false,false
dab0f920-b8c5-4ed9-81b0-92510979be3f,2022-10-28 21:05:36.073912,false,false
dab0f920-b8c5-4ed9-81b0-92510979be3f,2022-10-28 21:05:36.073923,false,false
dab0f920-b8c5-4ed9-81b0-92510979be3f,2022-10-28 21:05:36.073935,false,false
dab0f920-b8c5-4ed9-81b0-92510979be3f,2022-10-28 21:05:36.073947,false,false
dab0f920-b8c5-4ed9-81b0-92510979be3f,2022-10-28 21:05:36.073956,false,false
dab0f920-b8c5-4ed9-81b0-92510979be3f,2022-10-28 21:05:36.073971,false,false
dab0f920-b8c5-4ed9-81b0-92510979be3f,2022-10-28 21:05:36.073987,false,false
dab0f920-b8c5-4ed9-81b0-92510979be3f,2022-10-28 21:05:36.074011,false,false
dab0f920-b8c5-4ed9-81b0-92510979be3f,2022-10-28 21:05:36.074021,false,false
dab0f920-b8c5-4ed9-81b0-92510979be3f,2022-10-28 21:05:36.074031,false,false
dab0f920-b8c5-4ed9-81b0-92510979be3f,2022-10-28 21:05:36.074040,false,false
dab0f920-b8c5-4ed9-81b0-92510979be3f,2022-10-28 21:05:36.074049,false,false
dab0f920-b8c5-4ed9-81b0-92510979be3f,2022-10-28 21:05:36.074061,false,false
dab0f920-b8c5-4ed9-81b0-92510979be3f,2022-10-28 21:05:36.074072,false,false
dab0f920-b8c5-4ed9-81b0-92510979be3f,2022-10-28 21:05:36.074122,false,false
dab0f920-b8c5-4ed9-81b0-92510979be3f,2022-10-28 21:05:36.074140,false,false
dab0f920-b8c5-4ed9-81b0-92510979be3f,2022-10-28 21:05:36.074149,false,false
dab0f920-b8c5-4ed9-81b0-92510979be3f,2022-10-28 21:05:36.074158,false,false
dab0f920-b8c5-4ed9-81b0-92510979be3f,2022-10-28 21:05:36.074167,false,false
dab0f920-b8c5-4ed9-81b0-92510979be3f,2022-10-28 21:05:36.074176,false,false
dab0f920-b8c5-4ed9-81b0-92510979be3f,2022-10-28 21:05:36.074185,false,false
dab0f920-b8c5-4ed9-81b0-92510979be3f,2022-10-28 21:05:36.074195,false,false
dab0f920-b8c5-4ed9-81b0-92510979be3f,2022-10-28 21:05:36.074204,false,false
dab0f920-b8c5-4ed9-81b0-92510979be3f,2022-10-28 21:05:36.074213,false,false
dab0f920-b8c5-4ed9-81b0-92510979be3f,2022-10-28 21:05:36.074222,false,false
dab0f920-b8c5-4ed9-81b0-92510979be3f,2022-10-28 21:05:36.074232,false,false
dab0f920-b8c5-4ed9-81b0-92510979be3f,2022-10-28 21:05:36.074436,false,false
dab0f920-b8c5-4ed9-81b0-92510979be3f,2022-10-28 21:05:36.074454,false,false
dab0f920-b8c5-4ed9-81b0-92510979be3f,2022-10-28 21:05:36.074463,false,false
dab0f920-b8c5-4ed9-81b0-92510979be3f,2022-10-28 21:05:36.074471,false,false
dab0f920-b8c5-4ed9-81b0-92510979be3f,2022-10-28 21:05:36.074479,false,false
dab0f920-b8c5-4ed9-81b0-92510979be3f,2022-10-28 21:05:36.074488,false,false
dab0f920-b8c5-4ed9-81b0-92510979be3f,2022-10-28 21:05:36.074497,false,false
dab0f920-b8c5-4ed9-81b0-92510979be3f,2022-10-28 21:05:36.074506,false,false
dab0f920-b8c5-4ed9-81b0-92510979be3f,2022-10-28 21:05:36.074515,false,false
dab0f920-b8c5-4ed9-81b0-92510979be3f,2022-10-28 21:05:36.074524,false,false
dab0f920-b8c5-4ed9-81b0-92510979be3f,2022-10-28 21:05:36.074532,false,false
dab0f920-b8c5-4ed9-81b0-92510979be3f,2022-10-28 21:05:36.074542,false,false
dab0f920-b8c5-4ed9-81b0-92510979be3f,2022-10-28 21:05:36.074551,false,false
dab0f920-b8c5-4ed9-81b0-92510979be3f,2022-10-28 21:05:36.074560,false,false
dab0f920-b8c5-4ed9-81b0-92510979be3f,2022-10-28 21:05:36.074570,false,false
dab0f920-b8c5-4ed9-81b0-92510979be3f,2022-10-28 21:05:36.074576,false,false
dab0f920-b8c5-4ed9-81b0-92510979be3f,2022-10-28 21:05:36.074582,false,false
dab0f920-b8c5-4ed9-81b0-92510979be3f,2022-10-28 21:05:36.074587,false,false
dab0f920-b8c5-4ed9-81b0-92510979be3f,2022-10-28 21:05:36.074593,false,false
dab0f920-b8c5-4ed9-81b0-92510979be3f,2022-10-28 21:05:36.074598,false,false
dab0f920-b8c5-4ed9-81b0-92510979be3f,2022-10-28 21:05:36.074605,false,false
dab0f920-b8c5-4ed9-81b0-92510979be3f,2022-10-28 21:05:36.074613,false,false
dab0f920-b8c5-4ed9-81b0-92510979be3f,2022-10-28 21:05:36.074619,false,false
dab0f920-b8c5-4ed9-81b0-92510979be3f,2022-10-28 21:05:36.074624,false,false
dab0f920-b8c5-4ed9-81b0-92510979be3f,2022-10-28 21:05:36.074632,false,false
dab0f920-b8c5-4ed9-81b0-92510979be3f,2022-10-28 21:05:36.074641,false,false
dab0f920-b8c5-4ed9-81b0-92510979be3f,2022-10-28 21:05:36.074649,false,false
dab0f920-b8c5-4ed9-81b0-92510979be3f,2022-10-28 21:05:36.074657,false,false
dab0f920-b8c5-4ed9-81b0-92510979be3f,2022-10-28 21:05:36.074665,false,false
dab0f920-b8c5-4ed9-81b0-92510979be3f,2022-10-28 21:05:36.074673,false,false
dab0f920-b8c5-4ed9-81b0-92510979be3f,2022-10-28 21:05:36.074681,false,false
dab0f920-b8c5-4ed9-81b0-92510979be3f,2022-10-28 21:05:36.074690,false,false
dab0f920-b8c5-4ed9-81b0-92510979be3f,2022-10-28 21:05:36.074699,false,false
dab0f920-b8c5-4ed9-81b0-92510979be3f,2022-10-28 21:05:36.074709,false,false
dab0f920-b8c5-4ed9-81b0-92510979be3f,2022-10-28 21:05:36.074718,false,false
dab0f920-b8c5-4ed9-81b0-92510979be3f,2022-10-28 21:05:36.074726,false,false
dab0f920-b8c5-4ed9-81b0-92510979be3f,2022-10-28 21:05:36.074733,false,false
dab0f920-b8c5-4ed9-81b0-92510979be3f,2022-10-28 21:05:36.074741,false,false
dab0f920-b8c5-4ed9-81b0-92510979be3f,2022-10-28 21:05:36.074750,false,false
dab0f920-b8c5-4ed9-81b0-92510979be3f,2022-10-28 21:05:36.074759,false,false
dab0f920-b8c5-4ed9-81b0-92510979be3f,2022-10-28 21:05:36.074767,false,false
dab0f920-b8c5-4ed9-81b0-92510979be3f,2022-10-28 21:05:36.074776,false,false
dab0f920-b8c5-4ed9-81b0-92510979be3f,2022-10-28 21:05:36.074785,false,false
dab0f920-b8c5-4ed9-81b0-92510979be3f,2022-10-28 21:05:36.074794,false,false
dab0f920-b8c5-4ed9-81b0-92510979be3f,2022-10-28 21:05:36.074802,false,false
dab0f920-b8c5-4ed9-81b0-92510979be3f,2022-10-28 21:05:36.074811,false,false
dab0f920-b8c5-4ed9-81b0-92510979be3f,2022-10-28 21:05:36.074820,false,false
dab0f920-b8c5-4ed9-81b0-92510979be3f,2022-10-28 21:05:36.074829,false,false
dab0f920-b8c5-4ed9-81b0-92510979be3f,2022-10-28 21:05:36.074838,false,false
dab0f920-b8c5-4ed9-81b0-92510979be3f,2022-10-28 21:05:36.074848,false,false
dab0f920-b8c5-4ed9-81b0-92510979be3f,2022-10-28 21:05:36.074856,false,false
dab0f920-b8c5-4ed9-81b0-92510979be3f,2022-10-28 21:05:36.074865,false,false
dab0f920-b8c5-4ed9-81b0-92510979be3f,2022-10-28 21:05:36.074874,false,false
dab0f920-b8c5-4ed9-81b0-92510979be3f,2022-10-28 21:05:36.074881,false,false
dab0f920-b8c5-4ed9-81b0-92510979be3f,2022-10-28 21:05:36.074889,false,false
dab0f920-b8c5-4ed9-81b0-92510979be3f,2022-10-28 21:05:36.074898,false,false
dab0f920-b8c5-4ed9-81b0-92510979be3f,2022-10-28 21:05:36.074907,false,false
dab0f920-b8c5-4ed9-81b0-92510979be3f,2022-10-28 21:05:36.074915,false,false
dab0f920-b8c5-4ed9-81b0-92510979be3f,2022-10-28 21:05:36.074923,false,false
dab0f920-b8c5-4ed9-81b0-92510979be3f,2022-10-28 21:05:36.074931,false,false
dab0f920-b8c5-4ed9-81b0-92510979be3f,2022-10-28 21:05:36.074939,false,false
dab0f920-b8c5-4ed9-81b0-92510979be3f,2022-10-28 21:05:36.074947,false,false
dab0f920-b8c5-4ed9-81b0-92510979be3f,2022-10-28 21:05:36.074956,false,false
dab0f920-b8c5-4ed9-81b0-92510979be3f,2022-10-28 21:05:36.074965,false,false
dab0f920-b8c5-4ed9-81b0-92510979be3f,2022-10-28 21:05:36.074976,false,false
dab0f920-b8c5-4ed9-81b0-92510979be3f,2022-10-28 21:05:36.074984,false,false
dab0f920-b8c5-4ed9-81b0-92510979be3f,2022-10-28 21:05:36.074994,false,false
dab0f920-b8c5-4ed9-81b0-92510979be3f,2022-10-28 21:05:36.075002,false,false
dab0f920-b8c5-4ed9-81b0-92510979be3f,2022-10-28 21:05:36.075011,false,false
dab0f920-b8c5-4ed9-81b0-92510979be3f,2022-10-28 21:05:36.075021,false,false
dab0f920-b8c5-4ed9-81b0-92510979be3f,2022-10-28 21:05:36.075030,false,false
dab0f920-b8c5-4ed9-81b0-92510979be3f,2022-10-28 21:05:36.075038,false,false
dab0f920-b8c5-4ed9-81b0-92510979be3f,2022-10-28 21:05:36.075046,false,false
dab0f920-b8c5-4ed9-81b0-92510979be3f,2022-10-28 21:05:36.075054,false,false
dab0f920-b8c5-4ed9-81b0-92510979be3f,2022-10-28 21:05:36.075062,false,false
dab0f920-b8c5-4ed9-81b0-92510979be3f,2022-10-28 21:05:36.075071,false,false
dab0f920-b8c5-4ed9-81b0-92510979be3f,2022-10-28 21:05:36.075082,false,false
dab0f920-b8c5-4ed9-81b0-92510979be3f,2022-10-28 21:05:36.075092,false,false
dab0f920-b8c5-4ed9-81b0-92510979be3f,2022-10-28 21:05:36.075210,false,false
dab0f920-b8c5-4ed9-81b0-92510979be3f,2022-10-28 21:05:36.075228,false,false
dab0f920-b8c5-4ed9-81b0-92510979be3f,2022-10-28 21:05:36.075238,false,false
dab0f920-b8c5-4ed9-81b0-92510979be3f,2022-10-28 21:05:36.075249,false,false
dab0f920-b8c5-4ed9-81b0-92510979be3f,2022-10-28 21:05:36.075259,false,false
dab0f920-b8c5-4ed9-81b0-92510979be3f,2022-10-28 21:05:36.075270,false,false
dab0f920-b8c5-4ed9-81b0-92510979be3f,2022-10-28 21:05:36.075280,false,false
dab0f920-b8c5-4ed9-81b0-92510979be3f,2022-10-28 21:05:36.075290,false,false
dab0f920-b8c5-4ed9-81b0-92510979be3f,2022-10-28 21:05:36.075301,false,false
dab0f920-b8c5-4ed9-81b0-92510979be3f,2022-10-28 21:05:36.075311,false,false
dab0f920-b8c5-4ed9-81b0-92510979be3f,2022-10-28 21:05:36.075324,false,false
dab0f920-b8c5-4ed9-81b0-92510979be3f,2022-10-28 21:05:36.075333,false,false
dab0f920-b8c5-4ed9-81b0-92510979be3f,2022-10-28 21:05:36.075343,false,false
dab0f920-b8c5-4ed9-81b0-92510979be3f,2022-10-28 21:05:36.075351,false,false
dab0f920-b8c5-4ed9-81b0-92510979be3f,2022-10-28 21:05:36.075363,false,false
dab0f920-b8c5-4ed9-81b0-92510979be3f,2022-10-28 21:05:36.075373,false,false
dab0f920-b8c5-4ed9-81b0-92510979be3f,2022-10-28 21:05:36.075381,false,false
dab0f920-b8c5-4ed9-81b0-92510979be3f,2022-10-28 21:05:36.075391,false,false
dab0f920-b8c5-4ed9-81b0-92510979be3f,2022-10-28 21:05:36.075400,false,false
dab0f920-b8c5-4ed9-81b0-92510979be3f,2022-10-28 21:05:36.075409,false,false
dab0f920-b8c5-4ed9-81b0-92510979be3f,2022-10-28 21:05:36.075419,false,false
dab0f920-b8c5-4ed9-81b0-92510979be3f,2022-10-28 21:05:36.075429,false,false
dab0f920-b8c5-4ed9-81b0-92510979be3f,2022-10-28 21:05:36.075440,false,false
dab0f920-b8c5-4ed9-81b0-92510979be3f,2022-10-28 21:05:36.075449,false,false
dab0f920-b8c5-4ed9-81b0-92510979be3f,2022-10-28 21:05:36.075459,false,false
dab0f920-b8c5-4ed9-81b0-92510979be3f,2022-10-28 21:05:36.075469,false,false
dab0f920-b8c5-4ed9-81b0-92510979be3f,2022-10-28 21:05:36.075478,false,false
dab0f920-b8c5-4ed9-81b0-92510979be3f,2022-10-28 21:05:36.075487,false,false
dab0f920-b8c5-4ed9-81b0-92510979be3f,2022-10-28 21:05:36.075624,false,false
dab0f920-b8c5-4ed9-81b0-92510979be3f,2022-10-28 21:05:36.075641,false,false
dab0f920-b8c5-4ed9-81b0-92510979be3f,2022-10-28 21:05:36.075648,false,false
dab0f920-b8c5-4ed9-81b0-92510979be3f,2022-10-28 21:05:36.075657,false,false
dab0f920-b8c5-4ed9-81b0-92510979be3f,2022-10-28 21:05:36.075666,false,false
dab0f920-b8c5-4ed9-81b0-92510979be3f,2022-10-28 21:05:36.075676,false,false
dab0f920-b8c5-4ed9-81b0-92510979be3f,2022-10-28 21:05:36.075685,false,false
dab0f920-b8c5-4ed9-81b0-92510979be3f,2022-10-28 21:05:36.075694,false,false
dab0f920-b8c5-4ed9-81b0-92510979be3f,2022-10-28 21:05:36.075704,false,false
dab0f920-b8c5-4ed9-81b0-92510979be3f,2022-10-28 21:05:36.075712,false,false
dab0f920-b8c5-4ed9-81b0-92510979be3f,2022-10-28 21:05:36.075721,false,false
dab0f920-b8c5-4ed9-81b0-92510979be3f,2022-10-28 21:05:36.075729,false,false
dab0f920-b8c5-4ed9-81b0-92510979be3f,2022-10-28 21:05:36.075738,false,false
dab0f920-b8c5-4ed9-81b0-92510979be3f,2022-10-28 21:05:36.075747,false,false
dab0f920-b8c5-4ed9-81b0-92510979be3f,2022-10-28 21:05:36.075756,false,false
dab0f920-b8c5-4ed9-81b0-92510979be3f,2022-10-28 21:05:36.075832,false,false
dab0f920-b8c5-4ed9-81b0-92510979be3f,2022-10-28 21:05:36.075882,false,false
dab0f920-b8c5-4ed9-81b0-92510979be3f,2022-10-28 21:05:36.075896,false,false
dab0f920-b8c5-4ed9-81b0-92510979be3f,2022-10-28 21:05:36.075909,false,false
dab0f920-b8c5-4ed9-81b0-92510979be3f,2022-10-28 21:05:36.075918,false,false
dab0f920-b8c5-4ed9-81b0-92510979be3f,2022-10-28 21:05:36.075930,false,false
dab0f920-b8c5-4ed9-81b0-92510979be3f,2022-10-28 21:05:36.075939,false,false
dab0f920-b8c5-4ed9-81b0-92510979be3f,2022-10-28 21:05:36.075946,false,false
dab0f920-b8c5-4ed9-81b0-92510979be3f,2022-10-28 21:05:36.075951,false,false
dab0f920-b8c5-4ed9-81b0-92510979be3f,2022-10-28 21:05:36.075957,false,false
dab0f920-b8c5-4ed9-81b0-92510979be3f,2022-10-28 21:05:36.075962,false,false
dab0f920-b8c5-4ed9-81b0-92510979be3f,2022-10-28 21:05:36.075968,false,false
dab0f920-b8c5-4ed9-81b0-92510979be3f,2022-10-28 21:05:36.075973,false,false
dab0f920-b8c5-4ed9-81b0-92510979be3f,2022-10-28 21:05:36.075978,false,false
dab0f920-b8c5-4ed9-81b0-92510979be3f,2022-10-28 21:05:36.075984,false,false
dab0f920-b8c5-4ed9-81b0-92510979be3f,2022-10-28 21:05:36.075989,false,false
dab0f920-b8c5-4ed9-81b0-92510979be3f,2022-10-28 21:05:36.075995,false,false
dab0f920-b8c5-4ed9-81b0-92510979be3f,2022-10-28 21:05:36.076000,false,false
dab0f920-b8c5-4ed9-81b0-92510979be3f,2022-10-28 21:05:36.076006,false,false
dab0f920-b8c5-4ed9-81b0-92510979be3f,2022-10-28 21:05:36.076011,false,false
dab0f920-b8c5-4ed9-81b0-92510979be3f,2022-10-28 21:05:36.076016,false,false
dab0f920-b8c5-4ed9-81b0-92510979be3f,2022-10-28 21:05:36.076022,false,false
dab0f920-b8c5-4ed9-81b0-92510979be3f,2022-10-28 21:05:36.076027,false,false
dab0f920-b8c5-4ed9-81b0-92510979be3f,2022-10-28 21:05:36.076050,false,false
dab0f920-b8c5-4ed9-81b0-92510979be3f,2022-10-28 21:05:36.076064,false,false
dab0f920-b8c5-4ed9-81b0-92510979be3f,2022-10-28 21:05:36.076074,false,false
dab0f920-b8c5-4ed9-81b0-92510979be3f,2022-10-28 21:05:36.076083,false,false
dab0f920-b8c5-4ed9-81b0-92510979be3f,2022-10-28 21:05:36.076092,false,false
dab0f920-b8c5-4ed9-81b0-92510979be3f,2022-10-28 21:05:36.076101,false,false
dab0f920-b8c5-4ed9-81b0-92510979be3f,2022-10-28 21:05:36.076110,false,false
dab0f920-b8c5-4ed9-81b0-92510979be3f,2022-10-28 21:05:36.076119,false,false
dab0f920-b8c5-4ed9-81b0-92510979be3f,2022-10-28 21:05:36.076127,false,false
dab0f920-b8c5-4ed9-81b0-92510979be3f,2022-10-28 21:05:36.076134,false,false
dab0f920-b8c5-4ed9-81b0-92510979be3f,2022-10-28 21:05:36.076143,false,false
dab0f920-b8c5-4ed9-81b0-92510979be3f,2022-10-28 21:05:36.076151,false,false
dab0f920-b8c5-4ed9-81b0-92510979be3f,2022-10-28 21:05:36.076159,false,false
dab0f920-b8c5-4ed9-81b0-92510979be3f,2022-10-28 21:05:36.076169,false,false
dab0f920-b8c5-4ed9-81b0-92510979be3f,2022-10-28 21:05:36.076179,false,false
dab0f920-b8c5-4ed9-81b0-92510979be3f,2022-10-28 21:05:36.076187,false,false
dab0f920-b8c5-4ed9-81b0-92510979be3f,2022-10-28 21:05:36.076196,false,false
dab0f920-b8c5-4ed9-81b0-92510979be3f,2022-10-28 21:05:36.076205,false,false
dab0f920-b8c5-4ed9-81b0-92510979be3f,2022-10-28 21:05:36.076215,false,false
dab0f920-b8c5-4ed9-81b0-92510979be3f,2022-10-28 21:05:36.076224,false,false
dab0f920-b8c5-4ed9-81b0-92510979be3f,2022-10-28 21:05:36.076232,false,false
dab0f920-b8c5-4ed9-81b0-92510979be3f,2022-10-28 21:05:36.076241,false,false
dab0f920-b8c5-4ed9-81b0-92510979be3f,2022-10-28 21:05:36.076250,false,false
dab0f920-b8c5-4ed9-81b0-92510979be3f,2022-10-28 21:05:36.076259,false,false
dab0f920-b8c5-4ed9-81b0-92510979be3f,2022-10-28 21:05:36.076268,false,false
dab0f920-b8c5-4ed9-81b0-92510979be3f,2022-10-28 21:05:36.076278,false,false
dab0f920-b8c5-4ed9-81b0-92510979be3f,2022-10-28 21:05:36.076334,false,false
dab0f920-b8c5-4ed9-81b0-92510979be3f,2022-10-28 21:05:36.076346,false,false
dab0f920-b8c5-4ed9-81b0-92510979be3f,2022-10-28 21:05:36.076356,false,false
dab0f920-b8c5-4ed9-81b0-92510979be3f,2022-10-28 21:05:36.076364,false,false
dab0f920-b8c5-4ed9-81b0-92510979be3f,2022-10-28 21:05:36.076372,false,false
dab0f920-b8c5-4ed9-81b0-92510979be3f,2022-10-28 21:05:36.076381,false,false
dab0f920-b8c5-4ed9-81b0-92510979be3f,2022-10-28 21:05:36.076391,false,false
dab0f920-b8c5-4ed9-81b0-92510979be3f,2022-10-28 21:05:36.076401,false,false
dab0f920-b8c5-4ed9-81b0-92510979be3f,2022-10-28 21:05:36.076410,false,false
dab0f920-b8c5-4ed9-81b0-92510979be3f,2022-10-28 21:05:36.076419,false,false
dab0f920-b8c5-4ed9-81b0-92510979be3f,2022-10-28 21:05:36.076428,false,false
dab0f920-b8c5-4ed9-81b0-92510979be3f,2022-10-28 21:05:36.076437,false,false
dab0f920-b8c5-4ed9-81b0-92510979be3f,2022-10-28 21:05:36.076447,false,false
dab0f920-b8c5-4ed9-81b0-92510979be3f,2022-10-28 21:05:36.076456,false,false
dab0f920-b8c5-4ed9-81b0-92510979be3f,2022-10-28 21:05:36.076466,false,false
dab0f920-b8c5-4ed9-81b0-92510979be3f,2022-10-28 21:05:36.076475,false,false
dab0f920-b8c5-4ed9-81b0-92510979be3f,2022-10-28 21:05:36.076483,false,false
dab0f920-b8c5-4ed9-81b0-92510979be3f,2022-10-28 21:05:36.076491,false,false
dab0f920-b8c5-4ed9-81b0-92510979be3f,2022-10-28 21:05:36.076533,false,false
dab0f920-b8c5-4ed9-81b0-92510979be3f,2022-10-28 21:05:36.076558,false,false
dab0f920-b8c5-4ed9-81b0-92510979be3f,2022-10-28 21:05:36.076570,false,false
dab0f920-b8c5-4ed9-81b0-92510979be3f,2022-10-28 21:05:36.076581,false,false
dab0f920-b8c5-4ed9-81b0-92510979be3f,2022-10-28 21:05:36.076615,false,false
dab0f920-b8c5-4ed9-81b0-92510979be3f,2022-10-28 21:05:36.076634,false,false
dab0f920-b8c5-4ed9-81b0-92510979be3f,2022-10-28 21:05:36.076644,false,false
dab0f920-b8c5-4ed9-81b0-92510979be3f,2022-10-28 21:05:36.076654,false,false
dab0f920-b8c5-4ed9-81b0-92510979be3f,2022-10-28 21:05:36.076663,false,false
dab0f920-b8c5-4ed9-81b0-92510979be3f,2022-10-28 21:05:36.076671,false,false
dab0f920-b8c5-4ed9-81b0-92510979be3f,2022-10-28 21:05:36.076682,false,false
dab0f920-b8c5-4ed9-81b0-92510979be3f,2022-10-28 21:05:36.076692,false,false
